

3
101176
105959
106543
109706
113138
113608
119751
120714
120852
121345
121468
121501
121896
122914
131012
131301
132517
132840
132877
133945
134593
134828
135565
136591
136770
136947
138017
138587
138728
139277
139338
139423
139552
140260
140651
140740
140970
140998
141013
141146
141493
141527
141792
141822
142038
142171
142191
142285
142427
142429
142464
142465
142466
142612
142784
143128
143129
143299
143852
144454
145222
145267
145483
146204
146784
146863
147311
147390
148163
148269
148309
148476
148543
148579
149278
149281
149397
149401
150095
150208
150277
150315
150443
150484
150505
150612
150614
151075
151962
152351
152357
152362
152364
152382
152521
152746
152747
152886
152890
152891
153141
153547
153739
153816
154100
154235
154842
155049
155121
155138
155204
155833
155837
155877
155892
156560
156714
156999
157206
157284
157819
157824
157833
158187
158384
158386
158538
252322
256284
259774
263448
267590
269700
269982
270223
270263
